#      X/H_solar  Tc     Delta X/H +/-sigma
#------------------------------------------
Li      -8.69   1225    -1.58   0.05  0.05
B       -9.12    650    -0.93   0.07  0.09
C       -3.45     75    -0.41   0.08  0.13
N       -4.03    120    -0.07   0.05  0.06
O       -3.13    180    -0.39   0.04  0.06
Na      -5.69    970    -0.95   0.10  0.10
Mg      -4.42   1340    -1.55   0.02  0.03
Si      -4.45   1311    -1.31   0.03  0.03
P       -6.43   1151    -0.50   0.16  0.24
S       -4.73    648    +0.18   0.17  0.30
Cl      -6.73    863     0.00   0.20  0.20
Ar      -5.44     25    -0.48   0.16  0.16
K       -6.87   1000    -1.09   0.24  0.25
Ca      -5.66   1518    -3.73   0.04  0.06
Ti      -7.07   1549    -3.02   0.03  0.04
V       -7.98   1450    -1.96   0.00 99.99
Cr      -6.32   1277    -2.28   0.03  0.03
Mn      -6.47   1190    -1.45   0.03  0.03
Fe      -4.49   1336    -2.27   0.02  0.03
Co      -7.09   1351    -2.76   0.10  0.12
Ni      -5.75   1354    -2.74   0.02  0.02
Cu      -7.73   1037    -1.35   0.03  0.02
Zn      -7.35    660    -0.67   0.11  0.11
Ga      -8.87    918    -1.14   0.06  0.06
Ge      -8.37    825    -0.62   0.04  0.04
As      -9.63   1157    -0.21   0.09  0.09
Se      -8.65    684    +0.10   0.23  0.23
Kr      -8.77     25    -0.26   0.06  0.07
Sn      -9.86    720    +0.02   0.09  0.09
Te      -9.76    680    +0.77   0.00 99.99
Tl     -11.18    450    +0.45   0.12  0.12
Pb      -9.95    520    -0.71   0.15  0.15
